    3.999700    559.000000
    4.020100    518.000000
    4.040500    528.000000
    4.060900    516.000000
    4.081300    487.000000
    4.101700    525.000000
    4.122100    514.000000
    4.142500    536.000000
    4.162900    479.000000
    4.183300    495.000000
    4.203700    503.000000
    4.224100    505.000000
    4.244500    505.000000
    4.264900    547.000000
    4.285200    540.000000
    4.305600    532.000000
    4.326000    503.000000
    4.346400    468.000000
    4.366800    517.000000
    4.387200    508.000000
    4.407600    501.000000
    4.428000    484.000000
    4.448400    522.000000
    4.468800    510.000000
    4.489200    461.000000
    4.509600    536.000000
    4.530000    506.000000
    4.550400    475.000000
    4.570800    504.000000
    4.591200    503.000000
    4.611600    558.000000
    4.632000    493.000000
    4.652400    466.000000
    4.672800    476.000000
    4.693200    463.000000
    4.713600    492.000000
    4.734000    488.000000
    4.754400    496.000000
    4.774800    482.000000
    4.795200    500.000000
    4.815600    498.000000
    4.836000    495.000000
    4.856400    485.000000
    4.876800    498.000000
    4.897200    522.000000
    4.917600    501.000000
    4.938000    506.000000
    4.958400    472.000000
    4.978800    495.000000
    4.999200    495.000000
    5.019600    471.000000
    5.040000    479.000000
    5.060400    472.000000
    5.080800    500.000000
    5.101200    495.000000
    5.121600    476.000000
    5.142000    458.000000
    5.162400    496.000000
    5.182800    470.000000
    5.203200    463.000000
    5.223600    479.000000
    5.244000    464.000000
    5.264400    482.000000
    5.284800    468.000000
    5.305200    470.000000
    5.325600    470.000000
    5.346000    523.000000
    5.366400    503.000000
    5.386800    482.000000
    5.407200    473.000000
    5.427600    484.000000
    5.448000    500.000000
    5.468400    469.000000
    5.488800    435.000000
    5.509200    442.000000
    5.529600    491.000000
    5.550000    506.000000
    5.570400    502.000000
    5.590800    465.000000
    5.611200    444.000000
    5.631600    467.000000
    5.652000    486.000000
    5.672400    472.000000
    5.692800    467.000000
    5.713200    450.000000
    5.733600    476.000000
    5.754000    482.000000
    5.774400    459.000000
    5.794800    478.000000
    5.815200    469.000000
    5.835600    485.000000
    5.856000    461.000000
    5.876400    500.000000
    5.896800    463.000000
    5.917200    450.000000
    5.937600    460.000000
    5.958000    467.000000
    5.978400    497.000000
    5.998800    464.000000
    6.019200    501.000000
    6.039600    470.000000
    6.060000    467.000000
    6.080400    469.000000
    6.100800    438.000000
    6.121200    445.000000
    6.141600    462.000000
    6.162000    442.000000
    6.182400    463.000000
    6.202800    461.000000
    6.223200    441.000000
    6.243600    478.000000
    6.264000    414.000000
    6.284400    480.000000
    6.304800    454.000000
    6.325200    446.000000
    6.345600    447.000000
    6.366000    459.000000
    6.386400    457.000000
    6.406800    440.000000
    6.427200    451.000000
    6.447600    443.000000
    6.468000    440.000000
    6.488400    456.000000
    6.508800    445.000000
    6.529200    460.000000
    6.549600    444.000000
    6.570000    448.000000
    6.590400    423.000000
    6.610800    448.000000
    6.631200    449.000000
    6.651600    435.000000
    6.672000    417.000000
    6.692400    400.000000
    6.712800    416.000000
    6.733200    411.000000
    6.753600    396.000000
    6.774000    438.000000
    6.794400    480.000000
    6.814800    454.000000
    6.835200    427.000000
    6.855500    490.000000
    6.875900    441.000000
    6.896300    384.000000
    6.916700    421.000000
    6.937100    419.000000
    6.957500    441.000000
    6.977900    424.000000
    6.998300    413.000000
    7.018700    428.000000
    7.039100    409.000000
    7.059500    415.000000
    7.079900    395.000000
    7.100300    456.000000
    7.120700    407.000000
    7.141100    425.000000
    7.161500    394.000000
    7.181900    420.000000
    7.202300    458.000000
    7.222700    417.000000
    7.243100    451.000000
    7.263500    433.000000
    7.283900    389.000000
    7.304300    425.000000
    7.324700    435.000000
    7.345100    425.000000
    7.365500    442.000000
    7.385900    417.000000
    7.406300    381.000000
    7.426700    410.000000
    7.447100    427.000000
    7.467500    436.000000
    7.487900    391.000000
    7.508300    421.000000
    7.528700    405.000000
    7.549100    379.000000
    7.569500    373.000000
    7.589900    394.000000
    7.610300    392.000000
    7.630700    417.000000
    7.651100    415.000000
    7.671500    411.000000
    7.691900    394.000000
    7.712300    379.000000
    7.732700    379.000000
    7.753100    408.000000
    7.773500    385.000000
    7.793900    409.000000
    7.814300    371.000000
    7.834700    372.000000
    7.855100    368.000000
    7.875500    405.000000
    7.895900    377.000000
    7.916300    407.000000
    7.936700    391.000000
    7.957100    397.000000
    7.977500    406.000000
    7.997900    380.000000
    8.018300    391.000000
    8.038700    383.000000
    8.059100    377.000000
    8.079500    382.000000
    8.099900    375.000000
    8.120300    350.000000
    8.140700    353.000000
    8.161100    385.000000
    8.181500    333.000000
    8.201900    395.000000
    8.222300    347.000000
    8.242700    386.000000
    8.263100    389.000000
    8.283500    363.000000
    8.303900    387.000000
    8.324300    377.000000
    8.344700    382.000000
    8.365100    350.000000
    8.385500    371.000000
    8.405900    390.000000
    8.426300    372.000000
    8.446700    410.000000
    8.467100    356.000000
    8.487500    383.000000
    8.507900    390.000000
    8.528300    370.000000
    8.548700    371.000000
    8.569100    360.000000
    8.589500    412.000000
    8.609900    376.000000
    8.630300    354.000000
    8.650700    380.000000
    8.671100    417.000000
    8.691500    357.000000
    8.711900    369.000000
    8.732300    367.000000
    8.752700    358.000000
    8.773100    376.000000
    8.793500    386.000000
    8.813900    374.000000
    8.834300    360.000000
    8.854700    376.000000
    8.875100    385.000000
    8.895500    392.000000
    8.915900    364.000000
    8.936300    399.000000
    8.956700    377.000000
    8.977100    390.000000
    8.997500    405.000000
    9.017900    386.000000
    9.038300    382.000000
    9.058700    344.000000
    9.079100    376.000000
    9.099500    357.000000
    9.119900    345.000000
    9.140300    376.000000
    9.160700    373.000000
    9.181100    389.000000
    9.201500    389.000000
    9.221900    376.000000
    9.242300    369.000000
    9.262700    371.000000
    9.283100    370.000000
    9.303500    408.000000
    9.323900    395.000000
    9.344300    390.000000
    9.364700    425.000000
    9.385100    382.000000
    9.405400    399.000000
    9.425800    408.000000
    9.446200    371.000000
    9.466600    373.000000
    9.487000    314.000000
    9.507400    377.000000
    9.527800    364.000000
    9.548200    352.000000
    9.568600    426.000000
    9.589000    388.000000
    9.609400    402.000000
    9.629800    391.000000
    9.650200    369.000000
    9.670600    380.000000
    9.691000    378.000000
    9.711400    407.000000
    9.731800    390.000000
    9.752200    369.000000
    9.772600    426.000000
    9.793000    433.000000
    9.813400    404.000000
    9.833800    453.000000
    9.854200    415.000000
    9.874600    387.000000
    9.895000    413.000000
    9.915400    394.000000
    9.935800    413.000000
    9.956200    379.000000
    9.976600    428.000000
    9.997000    379.000000
   10.017400    402.000000
   10.037800    401.000000
   10.058200    424.000000
   10.078600    386.000000
   10.099000    386.000000
   10.119400    387.000000
   10.139800    367.000000
   10.160200    413.000000
   10.180600    408.000000
   10.201000    374.000000
   10.221400    414.000000
   10.241800    428.000000
   10.262200    398.000000
   10.282600    382.000000
   10.303000    397.000000
   10.323400    449.000000
   10.343800    415.000000
   10.364200    429.000000
   10.384600    433.000000
   10.405000    397.000000
   10.425400    383.000000
   10.445800    405.000000
   10.466200    414.000000
   10.486600    405.000000
   10.507000    409.000000
   10.527400    401.000000
   10.547800    424.000000
   10.568200    420.000000
   10.588600    435.000000
   10.609000    439.000000
   10.629400    419.000000
   10.649800    409.000000
   10.670200    432.000000
   10.690600    406.000000
   10.711000    455.000000
   10.731400    394.000000
   10.751800    450.000000
   10.772200    415.000000
   10.792600    436.000000
   10.813000    431.000000
   10.833400    430.000000
   10.853800    433.000000
   10.874200    437.000000
   10.894600    422.000000
   10.915000    432.000000
   10.935400    463.000000
   10.955800    461.000000
   10.976200    424.000000
   10.996600    469.000000
   11.017000    471.000000
   11.037400    397.000000
   11.057800    460.000000
   11.078200    443.000000
   11.098600    465.000000
   11.119000    442.000000
   11.139400    448.000000
   11.159800    445.000000
   11.180200    456.000000
   11.200600    481.000000
   11.221000    464.000000
   11.241400    488.000000
   11.261800    406.000000
   11.282200    463.000000
   11.302600    498.000000
   11.323000    513.000000
   11.343400    454.000000
   11.363800    495.000000
   11.384200    452.000000
   11.404600    472.000000
   11.425000    495.000000
   11.445400    507.000000
   11.465800    482.000000
   11.486200    460.000000
   11.506600    493.000000
   11.527000    498.000000
   11.547400    472.000000
   11.567800    467.000000
   11.588200    479.000000
   11.608600    482.000000
   11.629000    429.000000
   11.649400    500.000000
   11.669800    477.000000
   11.690200    481.000000
   11.710600    507.000000
   11.731000    459.000000
   11.751400    491.000000
   11.771800    494.000000
   11.792200    499.000000
   11.812600    506.000000
   11.833000    501.000000
   11.853400    519.000000
   11.873800    492.000000
   11.894200    519.000000
   11.914600    477.000000
   11.935000    526.000000
   11.955400    492.000000
   11.975700    559.000000
   11.996100    574.000000
   12.016500    614.000000
   12.036900    588.000000
   12.057300    597.000000
   12.077700    579.000000
   12.098100    586.000000
   12.118500    657.000000
   12.138900    636.000000
   12.159300    600.000000
   12.179700    657.000000
   12.200100    623.000000
   12.220500    586.000000
   12.240900    620.000000
   12.261300    573.000000
   12.281700    563.000000
   12.302100    608.000000
   12.322500    573.000000
   12.342900    611.000000
   12.363300    593.000000
   12.383700    621.000000
   12.404100    640.000000
   12.424500    621.000000
   12.444900    609.000000
   12.465300    587.000000
   12.485700    576.000000
   12.506100    618.000000
   12.526500    632.000000
   12.546900    587.000000
   12.567300    595.000000
   12.587700    628.000000
   12.608100    607.000000
   12.628500    585.000000
   12.648900    624.000000
   12.669300    613.000000
   12.689700    640.000000
   12.710100    630.000000
   12.730500    599.000000
   12.750900    596.000000
   12.771300    630.000000
   12.791700    605.000000
   12.812100    645.000000
   12.832500    638.000000
   12.852900    634.000000
   12.873300    651.000000
   12.893700    673.000000
   12.914100    701.000000
   12.934500    740.000000
   12.954900    720.000000
   12.975300    791.000000
   12.995700    770.000000
   13.016100    878.000000
   13.036500    914.000000
   13.056900   1002.000000
   13.077300   1132.000000
   13.097700   1295.000000
   13.118100   1502.000000
   13.138500   1822.000000
   13.158900   2117.000000
   13.179300   2501.000000
   13.199700   2729.000000
   13.220100   3194.000000
   13.240500   3392.000000
   13.260900   3843.000000
   13.281300   3906.000000
   13.301700   3785.000000
   13.322100   3384.000000
   13.342500   2747.000000
   13.362900   2036.000000
   13.383300   1668.000000
   13.403700   1381.000000
   13.424100   1113.000000
   13.444500    997.000000
   13.464900    911.000000
   13.485300    861.000000
   13.505700    795.000000
   13.526100    826.000000
   13.546500    781.000000
   13.566900    818.000000
   13.587300    793.000000
   13.607700    737.000000
   13.628100    719.000000
   13.648500    729.000000
   13.668900    773.000000
   13.689300    743.000000
   13.709700    738.000000
   13.730100    739.000000
   13.750500    762.000000
   13.770900    671.000000
   13.791300    660.000000
   13.811700    685.000000
   13.832100    694.000000
   13.852500    682.000000
   13.872900    697.000000
   13.893300    691.000000
   13.913700    671.000000
   13.934100    651.000000
   13.954500    701.000000
   13.974900    653.000000
   13.995300    639.000000
   14.015700    655.000000
   14.036100    637.000000
   14.056500    659.000000
   14.076900    666.000000
   14.097300    620.000000
   14.117700    646.000000
   14.138100    674.000000
   14.158500    611.000000
   14.178900    665.000000
   14.199300    648.000000
   14.219700    620.000000
   14.240100    647.000000
   14.260500    656.000000
   14.280900    606.000000
   14.301300    619.000000
   14.321700    635.000000
   14.342100    640.000000
   14.362500    638.000000
   14.382900    654.000000
   14.403300    608.000000
   14.423700    710.000000
   14.444100    679.000000
   14.464500    613.000000
   14.484900    632.000000
   14.505300    669.000000
   14.525600    685.000000
   14.546000    685.000000
   14.566400    669.000000
   14.586800    659.000000
   14.607200    688.000000
   14.627600    733.000000
   14.648000    732.000000
   14.668400    754.000000
   14.688800    730.000000
   14.709200    684.000000
   14.729600    730.000000
   14.750000    748.000000
   14.770400    741.000000
   14.790800    758.000000
   14.811200    765.000000
   14.831600    770.000000
   14.852000    796.000000
   14.872400    723.000000
   14.892800    762.000000
   14.913200    715.000000
   14.933600    832.000000
   14.954000    778.000000
   14.974400    779.000000
   14.994800    756.000000
   15.015200    744.000000
   15.035600    714.000000
   15.056000    775.000000
   15.076400    676.000000
   15.096800    682.000000
   15.117200    788.000000
   15.137600    724.000000
   15.158000    742.000000
   15.178400    713.000000
   15.198800    710.000000
   15.219200    714.000000
   15.239600    778.000000
   15.260000    699.000000
   15.280400    686.000000
   15.300800    733.000000
   15.321200    715.000000
   15.341600    736.000000
   15.362000    738.000000
   15.382400    751.000000
   15.402800    736.000000
   15.423200    760.000000
   15.443600    757.000000
   15.464000    732.000000
   15.484400    811.000000
   15.504800    790.000000
   15.525200    796.000000
   15.545600    767.000000
   15.566000    786.000000
   15.586400    808.000000
   15.606800    858.000000
   15.627200    803.000000
   15.647600    811.000000
   15.668000    852.000000
   15.688400    814.000000
   15.708800    839.000000
   15.729200    837.000000
   15.749600    849.000000
   15.770000    882.000000
   15.790400    986.000000
   15.810800    982.000000
   15.831200   1021.000000
   15.851600   1048.000000
   15.872000   1060.000000
   15.892400   1067.000000
   15.912800   1200.000000
   15.933200   1234.000000
   15.953600   1425.000000
   15.974000   1533.000000
   15.994400   1644.000000
   16.014800   1922.000000
   16.035200   2289.000000
   16.055600   2739.000000
   16.076000   3282.000000
   16.096400   4153.000000
   16.116800   5081.000000
   16.137200   5710.000000
   16.157600   6665.000000
   16.178000   7350.000000
   16.198400   8169.000000
   16.218800   8808.000000
   16.239200   8980.000000
   16.259600   9112.000000
   16.280000   8428.000000
   16.300400   7081.000000
   16.320800   5660.000000
   16.341200   4222.000000
   16.361600   3241.000000
   16.382000   2422.000000
   16.402400   2010.000000
   16.422800   1645.000000
   16.443200   1509.000000
   16.463600   1441.000000
   16.484000   1301.000000
   16.504400   1231.000000
   16.524800   1088.000000
   16.545200   1105.000000
   16.565600   1062.000000
   16.586000   1066.000000
   16.606400    969.000000
   16.626800   1012.000000
   16.647200    924.000000
   16.667600    988.000000
   16.688000    981.000000
   16.708400    957.000000
   16.728800    977.000000
   16.749200    978.000000
   16.769600    906.000000
   16.790000    893.000000
   16.810400    918.000000
   16.830800    884.000000
   16.851200    849.000000
   16.871600    872.000000
   16.892000    896.000000
   16.912400    848.000000
   16.932800    933.000000
   16.953200    886.000000
   16.973600    872.000000
   16.994000    925.000000
   17.014400    860.000000
   17.034800    818.000000
   17.055200    910.000000
   17.075600    864.000000
   17.095900    858.000000
   17.116300    878.000000
   17.136700    860.000000
   17.157100    885.000000
   17.177500    886.000000
   17.197900    863.000000
   17.218300    837.000000
   17.238700    838.000000
   17.259100    840.000000
   17.279500    777.000000
   17.299900    892.000000
   17.320300    813.000000
   17.340700    748.000000
   17.361100    790.000000
   17.381500    802.000000
   17.401900    752.000000
   17.422300    853.000000
   17.442700    847.000000
   17.463100    765.000000
   17.483500    735.000000
   17.503900    794.000000
   17.524300    769.000000
   17.544700    727.000000
   17.565100    828.000000
   17.585500    777.000000
   17.605900    817.000000
   17.626300    711.000000
   17.646700    746.000000
   17.667100    721.000000
   17.687500    750.000000
   17.707900    675.000000
   17.728300    699.000000
   17.748700    721.000000
   17.769100    697.000000
   17.789500    772.000000
   17.809900    717.000000
   17.830300    747.000000
   17.850700    700.000000
   17.871100    684.000000
   17.891500    703.000000
   17.911900    654.000000
   17.932300    679.000000
   17.952700    697.000000
   17.973100    681.000000
   17.993500    695.000000
   18.013900    641.000000
   18.034300    702.000000
   18.054700    719.000000
   18.075100    732.000000
   18.095500    720.000000
   18.115900    744.000000
   18.136300    710.000000
   18.156700    728.000000
   18.177100    707.000000
   18.197500    701.000000
   18.217900    775.000000
   18.238300    747.000000
   18.258700    758.000000
   18.279100    773.000000
   18.299500    784.000000
   18.319900    779.000000
   18.340300    698.000000
   18.360700    746.000000
   18.381100    764.000000
   18.401500    783.000000
   18.421900    767.000000
   18.442300    794.000000
   18.462700    801.000000
   18.483100    819.000000
   18.503500    759.000000
   18.523900    757.000000
   18.544300    773.000000
   18.564700    772.000000
   18.585100    766.000000
   18.605500    720.000000
   18.625900    808.000000
   18.646300    725.000000
   18.666700    744.000000
   18.687100    766.000000
   18.707500    781.000000
   18.727900    719.000000
   18.748300    759.000000
   18.768700    731.000000
   18.789100    734.000000
   18.809500    716.000000
   18.829900    731.000000
   18.850300    791.000000
   18.870700    724.000000
   18.891100    749.000000
   18.911500    674.000000
   18.931900    697.000000
   18.952300    738.000000
   18.972700    666.000000
   18.993100    692.000000
   19.013500    696.000000
   19.033900    648.000000
   19.054300    698.000000
   19.074700    706.000000
   19.095100    698.000000
   19.115500    698.000000
   19.135900    705.000000
   19.156300    708.000000
   19.176700    670.000000
   19.197100    692.000000
   19.217500    674.000000
   19.237900    678.000000
   19.258300    694.000000
   19.278700    680.000000
   19.299100    740.000000
   19.319500    733.000000
   19.339900    694.000000
   19.360300    689.000000
   19.380700    721.000000
   19.401100    709.000000
   19.421500    787.000000
   19.441900    750.000000
   19.462300    755.000000
   19.482700    732.000000
   19.503100    804.000000
   19.523500    791.000000
   19.543900    693.000000
   19.564300    759.000000
   19.584700    772.000000
   19.605100    743.000000
   19.625500    706.000000
   19.645800    817.000000
   19.666200    826.000000
   19.686600    755.000000
   19.707000    775.000000
   19.727400    790.000000
   19.747800    777.000000
   19.768200    848.000000
   19.788600    755.000000
   19.809000    749.000000
   19.829400    800.000000
   19.849800    766.000000
   19.870200    792.000000
   19.890600    803.000000
   19.911000    803.000000
   19.931400    833.000000
   19.951800    863.000000
   19.972200    899.000000
   19.992600    853.000000
   20.013000    867.000000
   20.033400    933.000000
   20.053800    981.000000
   20.074200   1033.000000
   20.094600   1179.000000
   20.115000   1273.000000
   20.135400   1400.000000
   20.155800   1575.000000
   20.176200   1646.000000
   20.196600   1913.000000
   20.217000   1948.000000
   20.237400   2096.000000
   20.257800   2188.000000
   20.278200   2121.000000
   20.298600   2071.000000
   20.319000   1914.000000
   20.339400   1633.000000
   20.359800   1414.000000
   20.380200   1244.000000
   20.400600   1073.000000
   20.421000    996.000000
   20.441400    862.000000
   20.461800    815.000000
   20.482200    820.000000
   20.502600    791.000000
   20.523000    789.000000
   20.543400    795.000000
   20.563800    774.000000
   20.584200    748.000000
   20.604600    772.000000
   20.625000    712.000000
   20.645400    681.000000
   20.665800    742.000000
   20.686200    716.000000
   20.706600    680.000000
   20.727000    735.000000
   20.747400    766.000000
   20.767800    753.000000
   20.788200    771.000000
   20.808600    710.000000
   20.829000    807.000000
   20.849400    704.000000
   20.869800    743.000000
   20.890200    743.000000
   20.910600    692.000000
   20.931000    759.000000
   20.951400    738.000000
   20.971800    717.000000
   20.992200    753.000000
   21.012600    745.000000
   21.033000    790.000000
   21.053400    722.000000
   21.073800    722.000000
   21.094200    710.000000
   21.114600    723.000000
   21.135000    677.000000
   21.155400    687.000000
   21.175800    681.000000
   21.196200    666.000000
   21.216600    689.000000
   21.237000    697.000000
   21.257400    704.000000
   21.277800    710.000000
   21.298200    721.000000
   21.318600    702.000000
   21.339000    689.000000
   21.359400    715.000000
   21.379800    696.000000
   21.400200    703.000000
   21.420600    754.000000
   21.441000    779.000000
   21.461400    807.000000
   21.481800    852.000000
   21.502200    809.000000
   21.522600    818.000000
   21.543000    742.000000
   21.563400    764.000000
   21.583800    705.000000
   21.604200    745.000000
   21.624600    685.000000
   21.645000    691.000000
   21.665400    663.000000
   21.685800    616.000000
   21.706200    698.000000
   21.726600    675.000000
   21.747000    695.000000
   21.767400    650.000000
   21.787800    676.000000
   21.808200    669.000000
   21.828600    665.000000
   21.849000    648.000000
   21.869400    651.000000
   21.889800    699.000000
   21.910200    620.000000
   21.930600    703.000000
   21.951000    615.000000
   21.971400    686.000000
   21.991800    695.000000
   22.012200    688.000000
   22.032600    660.000000
   22.053000    733.000000
   22.073400    719.000000
   22.093800    690.000000
   22.114200    698.000000
   22.134600    711.000000
   22.155000    720.000000
   22.175400    776.000000
   22.195800    753.000000
   22.216100    704.000000
   22.236500    733.000000
   22.256900    704.000000
   22.277300    742.000000
   22.297700    691.000000
   22.318100    685.000000
   22.338500    778.000000
   22.358900    682.000000
   22.379300    743.000000
   22.399700    733.000000
   22.420100    698.000000
   22.440500    715.000000
   22.460900    689.000000
   22.481300    683.000000
   22.501700    607.000000
   22.522100    652.000000
   22.542500    620.000000
   22.562900    655.000000
   22.583300    666.000000
   22.603700    674.000000
   22.624100    697.000000
   22.644500    649.000000
   22.664900    631.000000
   22.685300    655.000000
   22.705700    657.000000
   22.726100    577.000000
   22.746500    643.000000
   22.766900    613.000000
   22.787300    627.000000
   22.807700    632.000000
   22.828100    612.000000
   22.848500    594.000000
   22.868900    622.000000
   22.889300    680.000000
   22.909700    695.000000
   22.930100    611.000000
   22.950500    653.000000
   22.970900    698.000000
   22.991300    687.000000
   23.011700    678.000000
   23.032100    654.000000
   23.052500    700.000000
   23.072900    710.000000
   23.093300    687.000000
   23.113700    669.000000
   23.134100    660.000000
   23.154500    706.000000
   23.174900    712.000000
   23.195300    635.000000
   23.215700    735.000000
   23.236100    696.000000
   23.256500    710.000000
   23.276900    691.000000
   23.297300    689.000000
   23.317700    763.000000
   23.338100    690.000000
   23.358500    727.000000
   23.378900    724.000000
   23.399300    752.000000
   23.419700    755.000000
   23.440100    741.000000
   23.460500    725.000000
   23.480900    715.000000
   23.501300    781.000000
   23.521700    701.000000
   23.542100    712.000000
   23.562500    697.000000
   23.582900    756.000000
   23.603300    737.000000
   23.623700    721.000000
   23.644100    760.000000
   23.664500    742.000000
   23.684900    747.000000
   23.705300    724.000000
   23.725700    742.000000
   23.746100    763.000000
   23.766500    687.000000
   23.786900    774.000000
   23.807300    724.000000
   23.827700    698.000000
   23.848100    732.000000
   23.868500    777.000000
   23.888900    758.000000
   23.909300    799.000000
   23.929700    808.000000
   23.950100    738.000000
   23.970500    772.000000
   23.990900    724.000000
   24.011300    800.000000
   24.031700    829.000000
   24.052100    792.000000
   24.072500    762.000000
   24.092900    809.000000
   24.113300    810.000000
   24.133700    804.000000
   24.154100    806.000000
   24.174500    864.000000
   24.194900    828.000000
   24.215300    825.000000
   24.235700    816.000000
   24.256100    909.000000
   24.276500    905.000000
   24.296900    935.000000
   24.317300    913.000000
   24.337700    942.000000
   24.358100    959.000000
   24.378500    969.000000
   24.398900   1016.000000
   24.419300    949.000000
   24.439700    962.000000
   24.460100   1005.000000
   24.480500   1038.000000
   24.500900   1137.000000
   24.521300   1055.000000
   24.541700   1109.000000
   24.562100   1180.000000
   24.582500   1074.000000
   24.602900   1215.000000
   24.623300   1230.000000
   24.643700   1233.000000
   24.664100   1357.000000
   24.684500   1384.000000
   24.704900   1441.000000
   24.725300   1496.000000
   24.745700   1653.000000
   24.766000   1782.000000
   24.786400   1861.000000
   24.806800   1928.000000
   24.827200   2213.000000
   24.847600   2442.000000
   24.868000   2558.000000
   24.888400   3002.000000
   24.908800   3188.000000
   24.929200   3654.000000
   24.949600   4056.000000
   24.970000   4523.000000
   24.990400   5066.000000
   25.010800   5644.000000
   25.031200   6018.000000
   25.051600   6592.000000
   25.072000   6936.000000
   25.092400   7074.000000
   25.112800   7108.000000
   25.133200   6970.000000
   25.153600   6871.000000
   25.174000   6610.000000
   25.194400   5949.000000
   25.214800   5603.000000
   25.235200   5178.000000
   25.255600   4773.000000
   25.276000   4582.000000
   25.296400   4638.000000
   25.316800   4633.000000
   25.337200   4681.000000
   25.357600   5011.000000
   25.378000   5331.000000
   25.398400   5602.000000
   25.418800   5830.000000
   25.439200   6285.000000
   25.459600   6454.000000
   25.480000   6606.000000
   25.500400   6601.000000
   25.520800   6271.000000
   25.541200   6176.000000
   25.561600   5622.000000
   25.582000   4990.000000
   25.602400   4525.000000
   25.622800   4173.000000
   25.643200   3770.000000
   25.663600   3274.000000
   25.684000   2902.000000
   25.704400   2754.000000
   25.724800   2709.000000
   25.745200   2605.000000
   25.765600   2605.000000
   25.786000   2553.000000
   25.806400   2706.000000
   25.826800   2760.000000
   25.847200   2807.000000
   25.867600   2818.000000
   25.888000   3006.000000
   25.908400   3025.000000
   25.928800   3092.000000
   25.949200   3123.000000
   25.969600   3069.000000
   25.990000   3038.000000
   26.010400   2985.000000
   26.030800   2789.000000
   26.051200   2764.000000
   26.071600   2647.000000
   26.092000   2641.000000
   26.112400   2434.000000
   26.132800   2435.000000
   26.153200   2346.000000
   26.173600   2293.000000
   26.194000   2231.000000
   26.214400   2127.000000
   26.234800   2077.000000
   26.255200   1965.000000
   26.275600   1795.000000
   26.296000   1749.000000
   26.316400   1554.000000
   26.336800   1460.000000
   26.357200   1379.000000
   26.377600   1250.000000
   26.398000   1194.000000
   26.418400   1193.000000
   26.438800   1071.000000
   26.459200   1055.000000
   26.479600   1039.000000
   26.500000   1086.000000
   26.520400    974.000000
   26.540800    974.000000
   26.561200    951.000000
   26.581600    976.000000
   26.602000    943.000000
   26.622400    878.000000
   26.642800   1013.000000
   26.663200    976.000000
   26.683600    959.000000
   26.704000    995.000000
   26.724400   1028.000000
   26.744800    921.000000
   26.765200    940.000000
   26.785600    978.000000
   26.806000    987.000000
   26.826400    968.000000
   26.846800    980.000000
   26.867200    992.000000
   26.887600    939.000000
   26.908000    883.000000
   26.928400    892.000000
   26.948800    852.000000
   26.969200    927.000000
   26.989600    904.000000
   27.010000    919.000000
   27.030400    942.000000
   27.050800    986.000000
   27.071200    971.000000
   27.091600    922.000000
   27.112000    957.000000
   27.132400    982.000000
   27.152800   1059.000000
   27.173200   1011.000000
   27.193600   1096.000000
   27.214000   1094.000000
   27.234400   1085.000000
   27.254800   1052.000000
   27.275200   1024.000000
   27.295600   1100.000000
   27.316000    950.000000
   27.336300   1016.000000
   27.356700    887.000000
   27.377100    927.000000
   27.397500    937.000000
   27.417900    946.000000
   27.438300    862.000000
   27.458700    869.000000
   27.479100    838.000000
   27.499500    798.000000
   27.519900    863.000000
   27.540300    755.000000
   27.560700    794.000000
   27.581100    800.000000
   27.601500    810.000000
   27.621900    789.000000
   27.642300    735.000000
   27.662700    827.000000
   27.683100    786.000000
   27.703500    759.000000
   27.723900    783.000000
   27.744300    742.000000
   27.764700    793.000000
   27.785100    818.000000
   27.805500    796.000000
   27.825900    809.000000
   27.846300    891.000000
   27.866700    792.000000
   27.887100    901.000000
   27.907500    818.000000
   27.927900    863.000000
   27.948300    895.000000
   27.968700    844.000000
   27.989100    828.000000
   28.009500    897.000000
   28.029900    873.000000
   28.050300    860.000000
   28.070700    891.000000
   28.091100    864.000000
   28.111500    844.000000
   28.131900    844.000000
   28.152300    873.000000
   28.172700    808.000000
   28.193100    802.000000
   28.213500    856.000000
   28.233900    848.000000
   28.254300    828.000000
   28.274700    808.000000
   28.295100    827.000000
   28.315500    825.000000
   28.335900    841.000000
   28.356300    786.000000
   28.376700    831.000000
   28.397100    810.000000
   28.417500    759.000000
   28.437900    805.000000
   28.458300    827.000000
   28.478700    827.000000
   28.499100    829.000000
   28.519500    816.000000
   28.539900    808.000000
   28.560300    792.000000
   28.580700    759.000000
   28.601100    773.000000
   28.621500    777.000000
   28.641900    795.000000
   28.662300    761.000000
   28.682700    778.000000
   28.703100    742.000000
   28.723500    750.000000
   28.743900    745.000000
   28.764300    706.000000
   28.784700    738.000000
   28.805100    760.000000
   28.825500    805.000000
   28.845900    757.000000
   28.866300    746.000000
   28.886700    699.000000
   28.907100    722.000000
   28.927500    709.000000
   28.947900    705.000000
   28.968300    751.000000
   28.988700    742.000000
   29.009100    790.000000
   29.029500    806.000000
   29.049900    730.000000
   29.070300    809.000000
   29.090700    752.000000
   29.111100    749.000000
   29.131500    770.000000
   29.151900    821.000000
   29.172300    777.000000
   29.192700    809.000000
   29.213100    752.000000
   29.233500    851.000000
   29.253900    783.000000
   29.274300    798.000000
   29.294700    820.000000
   29.315100    818.000000
   29.335500    880.000000
   29.355900    845.000000
   29.376300    810.000000
   29.396700    818.000000
   29.417100    839.000000
   29.437500    820.000000
   29.457900    839.000000
   29.478300    874.000000
   29.498700    780.000000
   29.519100    891.000000
   29.539500    884.000000
   29.559900    819.000000
   29.580300    864.000000
   29.600700    849.000000
   29.621100    804.000000
   29.641500    820.000000
   29.661900    836.000000
   29.682300    811.000000
   29.702700    788.000000
   29.723100    856.000000
   29.743500    871.000000
   29.763900    874.000000
   29.784300    896.000000
   29.804700    867.000000
   29.825100    909.000000
   29.845500    819.000000
   29.865900    919.000000
   29.886200    911.000000
   29.906600    926.000000
   29.927000    929.000000
   29.947400    905.000000
   29.967800    898.000000
   29.988200    888.000000
   30.008600    865.000000
   30.029000    912.000000
   30.049400    844.000000
   30.069800    884.000000
   30.090200    871.000000
   30.110600    876.000000
   30.131000    873.000000
   30.151400    851.000000
   30.171800    834.000000
   30.192200    802.000000
   30.212600    808.000000
   30.233000    785.000000
   30.253400    767.000000
   30.273800    796.000000
   30.294200    794.000000
   30.314600    816.000000
   30.335000    815.000000
   30.355400    843.000000
   30.375800    876.000000
   30.396200    821.000000
   30.416600    842.000000
   30.437000    816.000000
   30.457400    766.000000
   30.477800    884.000000
   30.498200    856.000000
   30.518600    943.000000
   30.539000    902.000000
   30.559400    941.000000
   30.579800    970.000000
   30.600200    946.000000
   30.620600    999.000000
   30.641000    944.000000
   30.661400    944.000000
   30.681800    994.000000
   30.702200    996.000000
   30.722600    966.000000
   30.743000   1027.000000
   30.763400   1021.000000
   30.783800    970.000000
   30.804200    971.000000
   30.824600    942.000000
   30.845000    972.000000
   30.865400    913.000000
   30.885800    950.000000
   30.906200    963.000000
   30.926600    908.000000
   30.947000    982.000000
   30.967400    906.000000
   30.987800    858.000000
   31.008200    945.000000
   31.028600    866.000000
   31.049000    893.000000
   31.069400    883.000000
   31.089800    927.000000
   31.110200    917.000000
   31.130600    885.000000
   31.151000    900.000000
   31.171400    912.000000
   31.191800    894.000000
   31.212200    909.000000
   31.232600   1003.000000
   31.253000    904.000000
   31.273400    974.000000
   31.293800    988.000000
   31.314200   1156.000000
   31.334600   1213.000000
   31.355000   1177.000000
   31.375400   1311.000000
   31.395800   1356.000000
   31.416200   1541.000000
   31.436600   1796.000000
   31.457000   1889.000000
   31.477400   2060.000000
   31.497800   2366.000000
   31.518200   2473.000000
   31.538600   2656.000000
   31.559000   2768.000000
   31.579400   2865.000000
   31.599800   2819.000000
   31.620200   2784.000000
   31.640600   2762.000000
   31.661000   2505.000000
   31.681400   2216.000000
   31.701800   2019.000000
   31.722200   1857.000000
   31.742600   1694.000000
   31.763000   1494.000000
   31.783400   1422.000000
   31.803800   1292.000000
   31.824200   1207.000000
   31.844600   1106.000000
   31.865000   1050.000000
   31.885400   1092.000000
   31.905800   1041.000000
   31.926200   1013.000000
   31.946600    968.000000
   31.967000   1003.000000
   31.987400    968.000000
   32.007800    947.000000
   32.028200    910.000000
   32.048600    917.000000
   32.069000    853.000000
   32.089400    886.000000
   32.109800    848.000000
   32.130200    858.000000
   32.150600    764.000000
   32.171000    851.000000
   32.191400    812.000000
   32.211800    796.000000
   32.232200    808.000000
   32.252600    753.000000
   32.273000    844.000000
   32.293400    854.000000
   32.313800    810.000000
   32.334200    823.000000
   32.354600    787.000000
   32.375000    841.000000
   32.395400    822.000000
   32.415800    818.000000
   32.436200    779.000000
   32.456500    849.000000
   32.476900    836.000000
   32.497300    802.000000
   32.517700    808.000000
   32.538100    825.000000
   32.558500    891.000000
   32.578900    886.000000
   32.599300    888.000000
   32.619700    866.000000
   32.640100    888.000000
   32.660500    966.000000
   32.680900    938.000000
   32.701300   1035.000000
   32.721700   1076.000000
   32.742100   1045.000000
   32.762500   1134.000000
   32.782900   1174.000000
   32.803300   1161.000000
   32.823700   1230.000000
   32.844100   1243.000000
   32.864500   1297.000000
   32.884900   1309.000000
   32.905300   1287.000000
   32.925700   1337.000000
   32.946100   1238.000000
   32.966500   1205.000000
   32.986900   1162.000000
   33.007300   1146.000000
   33.027700   1098.000000
   33.048100   1026.000000
   33.068500   1043.000000
   33.088900   1024.000000
   33.109300   1010.000000
   33.129700    999.000000
   33.150100   1025.000000
   33.170500   1090.000000
   33.190900   1045.000000
   33.211300   1075.000000
   33.231700   1107.000000
   33.252100   1164.000000
   33.272500   1116.000000
   33.292900   1166.000000
   33.313300   1132.000000
   33.333700   1194.000000
   33.354100   1181.000000
   33.374500   1107.000000
   33.394900   1096.000000
   33.415300   1079.000000
   33.435700   1025.000000
   33.456100   1009.000000
   33.476500   1003.000000
   33.496900    971.000000
   33.517300    904.000000
   33.537700    927.000000
   33.558100    875.000000
   33.578500    868.000000
   33.598900    885.000000
   33.619300    864.000000
   33.639700    873.000000
   33.660100    852.000000
   33.680500    844.000000
   33.700900    858.000000
   33.721300    822.000000
   33.741700    796.000000
   33.762100    845.000000
   33.782500    809.000000
   33.802900    811.000000
   33.823300    823.000000
   33.843700    805.000000
   33.864100    762.000000
   33.884500    872.000000
   33.904900    702.000000
   33.925300    764.000000
   33.945700    726.000000
   33.966100    722.000000
   33.986500    726.000000
   34.006900    676.000000
   34.027300    719.000000
   34.047700    722.000000
   34.068100    668.000000
   34.088500    673.000000
   34.108900    714.000000
   34.129300    730.000000
   34.149700    695.000000
   34.170100    705.000000
   34.190500    730.000000
   34.210900    702.000000
   34.231300    720.000000
   34.251700    741.000000
   34.272100    771.000000
   34.292500    710.000000
   34.312900    728.000000
   34.333300    703.000000
   34.353700    674.000000
   34.374100    718.000000
   34.394500    706.000000
   34.414900    750.000000
   34.435300    682.000000
   34.455700    672.000000
   34.476100    705.000000
   34.496500    705.000000
   34.516900    720.000000
   34.537300    711.000000
   34.557700    719.000000
   34.578100    673.000000
   34.598500    695.000000
   34.618900    705.000000
   34.639300    656.000000
   34.659700    641.000000
   34.680100    703.000000
   34.700500    660.000000
   34.720900    641.000000
   34.741300    709.000000
   34.761700    691.000000
   34.782100    668.000000
   34.802500    708.000000
   34.822900    641.000000
   34.843300    650.000000
   34.863700    640.000000
   34.884100    665.000000
   34.904500    625.000000
   34.924900    672.000000
   34.945300    711.000000
   34.965700    647.000000
   34.986100    678.000000
   35.006400    646.000000
   35.026800    666.000000
   35.047200    708.000000
   35.067600    635.000000
   35.088000    649.000000
   35.108400    664.000000
   35.128800    655.000000
   35.149200    633.000000
   35.169600    618.000000
   35.190000    646.000000
   35.210400    672.000000
   35.230800    608.000000
   35.251200    625.000000
   35.271600    654.000000
   35.292000    662.000000
   35.312400    627.000000
   35.332800    661.000000
   35.353200    611.000000
   35.373600    672.000000
   35.394000    576.000000
   35.414400    659.000000
   35.434800    621.000000
   35.455200    630.000000
   35.475600    695.000000
   35.496000    641.000000
   35.516400    662.000000
   35.536800    685.000000
   35.557200    682.000000
   35.577600    641.000000
   35.598000    665.000000
   35.618400    704.000000
   35.638800    697.000000
   35.659200    650.000000
   35.679600    652.000000
   35.700000    633.000000
   35.720400    633.000000
   35.740800    635.000000
   35.761200    620.000000
   35.781600    626.000000
   35.802000    654.000000
   35.822400    661.000000
   35.842800    665.000000
   35.863200    605.000000
   35.883600    651.000000
   35.904000    649.000000
   35.924400    620.000000
   35.944800    605.000000
   35.965200    652.000000
   35.985600    648.000000
   36.006000    615.000000
   36.026400    586.000000
   36.046800    591.000000
   36.067200    612.000000
   36.087600    648.000000
   36.108000    567.000000
   36.128400    591.000000
   36.148800    595.000000
   36.169200    575.000000
   36.189600    599.000000
   36.210000    620.000000
   36.230400    649.000000
   36.250800    585.000000
   36.271200    645.000000
   36.291600    560.000000
   36.312000    576.000000
   36.332400    587.000000
   36.352800    578.000000
   36.373200    643.000000
   36.393600    592.000000
   36.414000    615.000000
   36.434400    640.000000
   36.454800    617.000000
   36.475200    612.000000
   36.495600    609.000000
   36.516000    582.000000
   36.536400    619.000000
   36.556800    681.000000
   36.577200    642.000000
   36.597600    640.000000
   36.618000    637.000000
   36.638400    657.000000
   36.658800    654.000000
   36.679200    679.000000
   36.699600    681.000000
   36.720000    758.000000
   36.740400    723.000000
   36.760800    758.000000
   36.781200    761.000000
   36.801600    754.000000
   36.822000    735.000000
   36.842400    837.000000
   36.862800    767.000000
   36.883200    892.000000
   36.903600    852.000000
   36.924000    836.000000
   36.944400    882.000000
   36.964800    895.000000
   36.985200    971.000000
   37.005600    841.000000
   37.026000    974.000000
   37.046400    994.000000
   37.066800    974.000000
   37.087200    922.000000
   37.107600    939.000000
   37.128000    934.000000
   37.148400    979.000000
   37.168800    858.000000
   37.189200    834.000000
   37.209600    834.000000
   37.230000    828.000000
   37.250400    777.000000
   37.270800    738.000000
   37.291200    748.000000
   37.311600    684.000000
   37.332000    655.000000
   37.352400    733.000000
   37.372800    689.000000
   37.393200    747.000000
   37.413600    633.000000
   37.434000    662.000000
   37.454400    644.000000
   37.474800    661.000000
   37.495200    631.000000
   37.515600    656.000000
   37.536000    645.000000
   37.556400    650.000000
   37.576700    576.000000
   37.597100    614.000000
   37.617500    600.000000
   37.637900    605.000000
   37.658300    578.000000
   37.678700    628.000000
   37.699100    625.000000
   37.719500    620.000000
   37.739900    630.000000
   37.760300    612.000000
   37.780700    642.000000
   37.801100    576.000000
   37.821500    604.000000
   37.841900    600.000000
   37.862300    608.000000
   37.882700    597.000000
   37.903100    667.000000
   37.923500    641.000000
   37.943900    591.000000
   37.964300    598.000000
   37.984700    646.000000
   38.005100    562.000000
   38.025500    626.000000
   38.045900    601.000000
   38.066300    608.000000
   38.086700    656.000000
   38.107100    586.000000
   38.127500    638.000000
   38.147900    651.000000
   38.168300    603.000000
   38.188700    656.000000
   38.209100    597.000000
   38.229500    624.000000
   38.249900    636.000000
   38.270300    631.000000
   38.290700    576.000000
   38.311100    591.000000
   38.331500    658.000000
   38.351900    590.000000
   38.372300    636.000000
   38.392700    575.000000
   38.413100    635.000000
   38.433500    592.000000
   38.453900    569.000000
   38.474300    590.000000
   38.494700    576.000000
   38.515100    611.000000
   38.535500    577.000000
   38.555900    579.000000
   38.576300    568.000000
   38.596700    581.000000
   38.617100    585.000000
   38.637500    616.000000
   38.657900    639.000000
   38.678300    651.000000
   38.698700    602.000000
   38.719100    560.000000
   38.739500    614.000000
   38.759900    567.000000
   38.780300    561.000000
   38.800700    596.000000
   38.821100    628.000000
   38.841500    589.000000
   38.861900    600.000000
   38.882300    620.000000
   38.902700    611.000000
   38.923100    570.000000
   38.943500    617.000000
   38.963900    576.000000
   38.984300    598.000000
   39.004700    586.000000
   39.025100    558.000000
   39.045500    620.000000
   39.065900    599.000000
   39.086300    651.000000
   39.106700    609.000000
   39.127100    626.000000
   39.147500    633.000000
   39.167900    645.000000
   39.188300    592.000000
   39.208700    617.000000
   39.229100    660.000000
   39.249500    622.000000
   39.269900    649.000000
   39.290300    704.000000
   39.310700    638.000000
   39.331100    626.000000
   39.351500    650.000000
   39.371900    667.000000
   39.392300    647.000000
   39.412700    667.000000
   39.433100    677.000000
   39.453500    680.000000
   39.473900    712.000000
   39.494300    642.000000
   39.514700    646.000000
   39.535100    698.000000
   39.555500    715.000000
   39.575900    709.000000
   39.596300    720.000000
   39.616700    687.000000
   39.637100    735.000000
   39.657500    693.000000
   39.677900    722.000000
   39.698300    719.000000
   39.718700    763.000000
   39.739100    717.000000
   39.759500    713.000000
   39.779900    744.000000
   39.800300    755.000000
   39.820700    776.000000
   39.841100    735.000000
   39.861500    738.000000
   39.881900    692.000000
   39.902300    730.000000
   39.922700    690.000000
   39.943100    715.000000
   39.963500    684.000000
   39.983900    693.000000
   40.004300    647.000000
   40.024700    656.000000
   40.045100    664.000000
   40.065500    644.000000
   40.085900    646.000000
   40.106300    656.000000
   40.126600    693.000000
   40.147000    729.000000
   40.167400    698.000000
   40.187800    694.000000
   40.208200    719.000000
   40.228600    674.000000
   40.249000    717.000000
   40.269400    768.000000
   40.289800    814.000000
   40.310200    762.000000
   40.330600    820.000000
   40.351000    792.000000
   40.371400    775.000000
   40.391800    813.000000
   40.412200    834.000000
   40.432600    877.000000
   40.453000    802.000000
   40.473400    744.000000
   40.493800    777.000000
   40.514200    744.000000
   40.534600    816.000000
   40.555000    782.000000
   40.575400    750.000000
   40.595800    742.000000
   40.616200    767.000000
   40.636600    783.000000
   40.657000    742.000000
   40.677400    710.000000
   40.697800    764.000000
   40.718200    706.000000
   40.738600    708.000000
   40.759000    707.000000
   40.779400    689.000000
   40.799800    746.000000
   40.820200    666.000000
   40.840600    630.000000
   40.861000    608.000000
   40.881400    697.000000
   40.901800    704.000000
   40.922200    680.000000
   40.942600    704.000000
   40.963000    756.000000
   40.983400    702.000000
   41.003800    656.000000
   41.024200    664.000000
   41.044600    708.000000
   41.065000    713.000000
   41.085400    747.000000
   41.105800    694.000000
   41.126200    762.000000
   41.146600    725.000000
   41.167000    798.000000
   41.187400    834.000000
   41.207800    796.000000
   41.228200    853.000000
   41.248600    813.000000
   41.269000    890.000000
   41.289400    878.000000
   41.309800    961.000000
   41.330200    937.000000
   41.350600    885.000000
   41.371000    892.000000
   41.391400    919.000000
   41.411800    881.000000
   41.432200    870.000000
   41.452600    829.000000
   41.473000    840.000000
   41.493400    832.000000
   41.513800    753.000000
   41.534200    759.000000
   41.554600    731.000000
   41.575000    778.000000
   41.595400    733.000000
   41.615800    738.000000
   41.636200    713.000000
   41.656600    705.000000
   41.677000    692.000000
   41.697400    686.000000
   41.717800    705.000000
   41.738200    714.000000
   41.758600    680.000000
   41.779000    677.000000
   41.799400    651.000000
   41.819800    683.000000
   41.840200    729.000000
   41.860600    697.000000
   41.881000    691.000000
   41.901400    674.000000
   41.921800    678.000000
   41.942200    699.000000
   41.962600    619.000000
   41.983000    661.000000
   42.003400    627.000000
   42.023800    652.000000
   42.044200    641.000000
   42.064600    681.000000
   42.085000    605.000000
   42.105400    660.000000
   42.125800    626.000000
   42.146200    599.000000
   42.166600    600.000000
   42.187000    668.000000
   42.207400    624.000000
   42.227800    625.000000
   42.248200    582.000000
   42.268600    620.000000
   42.289000    599.000000
   42.309400    631.000000
   42.329800    619.000000
   42.350200    621.000000
   42.370600    613.000000
   42.391000    625.000000
   42.411400    557.000000
   42.431800    589.000000
   42.452200    606.000000
   42.472600    613.000000
   42.493000    620.000000
   42.513400    590.000000
   42.533800    565.000000
   42.554200    635.000000
   42.574600    631.000000
   42.595000    616.000000
   42.615400    623.000000
   42.635800    600.000000
   42.656200    592.000000
   42.676600    640.000000
   42.696900    615.000000
   42.717300    627.000000
   42.737700    611.000000
   42.758100    591.000000
   42.778500    630.000000
   42.798900    647.000000
   42.819300    636.000000
   42.839700    622.000000
   42.860100    633.000000
   42.880500    654.000000
   42.900900    657.000000
   42.921300    600.000000
   42.941700    697.000000
   42.962100    727.000000
   42.982500    720.000000
   43.002900    706.000000
   43.023300    716.000000
   43.043700    701.000000
   43.064100    695.000000
   43.084500    691.000000
   43.104900    718.000000
   43.125300    678.000000
   43.145700    712.000000
   43.166100    706.000000
   43.186500    705.000000
   43.206900    694.000000
   43.227300    672.000000
   43.247700    683.000000
   43.268100    691.000000
   43.288500    651.000000
   43.308900    671.000000
   43.329300    686.000000
   43.349700    644.000000
   43.370100    704.000000
   43.390500    603.000000
   43.410900    662.000000
   43.431300    626.000000
   43.451700    642.000000
   43.472100    629.000000
   43.492500    639.000000
   43.512900    630.000000
   43.533300    606.000000
   43.553700    587.000000
   43.574100    625.000000
   43.594500    545.000000
   43.614900    560.000000
   43.635300    611.000000
   43.655700    571.000000
   43.676100    590.000000
   43.696500    601.000000
   43.716900    582.000000
   43.737300    580.000000
   43.757700    577.000000
   43.778100    643.000000
   43.798500    605.000000
   43.818900    594.000000
   43.839300    569.000000
   43.859700    598.000000
   43.880100    603.000000
   43.900500    621.000000
   43.920900    610.000000
   43.941300    625.000000
   43.961700    587.000000
   43.982100    601.000000
   44.002500    633.000000
   44.022900    622.000000
   44.043300    661.000000
   44.063700    586.000000
   44.084100    660.000000
   44.104500    622.000000
   44.124900    663.000000
   44.145300    665.000000
   44.165700    676.000000
   44.186100    671.000000
   44.206500    671.000000
   44.226900    650.000000
   44.247300    653.000000
   44.267700    644.000000
   44.288100    616.000000
   44.308500    590.000000
   44.328900    600.000000
   44.349300    693.000000
   44.369700    670.000000
   44.390100    608.000000
   44.410500    635.000000
   44.430900    588.000000
   44.451300    592.000000
   44.471700    607.000000
   44.492100    599.000000
   44.512500    620.000000
   44.532900    587.000000
   44.553300    589.000000
   44.573700    567.000000
   44.594100    564.000000
   44.614500    582.000000
   44.634900    601.000000
   44.655300    574.000000
   44.675700    547.000000
   44.696100    588.000000
   44.716500    591.000000
   44.736900    593.000000
   44.757300    614.000000
   44.777700    614.000000
   44.798100    593.000000
   44.818500    623.000000
   44.838900    595.000000
   44.859300    590.000000
   44.879700    591.000000
   44.900100    646.000000
   44.920500    689.000000
   44.940900    682.000000
   44.961300    650.000000
   44.981700    671.000000
   45.002100    711.000000
   45.022500    775.000000
   45.042900    749.000000
   45.063300    782.000000
   45.083700    852.000000
   45.104100    900.000000
   45.124500    970.000000
   45.144900   1041.000000
   45.165300   1120.000000
   45.185700   1123.000000
   45.206100   1260.000000
   45.226500   1282.000000
   45.246800   1404.000000
   45.267200   1454.000000
   45.287600   1460.000000
   45.308000   1489.000000
   45.328400   1463.000000
   45.348800   1441.000000
   45.369200   1350.000000
   45.389600   1297.000000
   45.410000   1184.000000
   45.430400   1159.000000
   45.450800   1021.000000
   45.471200    987.000000
   45.491600    936.000000
   45.512000    920.000000
   45.532400    861.000000
   45.552800    789.000000
   45.573200    780.000000
   45.593600    710.000000
   45.614000    700.000000
   45.634400    703.000000
   45.654800    678.000000
   45.675200    641.000000
   45.695600    679.000000
   45.716000    667.000000
   45.736400    650.000000
   45.756800    680.000000
   45.777200    629.000000
   45.797600    644.000000
   45.818000    654.000000
   45.838400    662.000000
   45.858800    717.000000
   45.879200    711.000000
   45.899600    655.000000
   45.920000    672.000000
   45.940400    657.000000
   45.960800    703.000000
   45.981200    660.000000
   46.001600    694.000000
   46.022000    688.000000
   46.042400    734.000000
   46.062800    651.000000
   46.083200    653.000000
   46.103600    636.000000
   46.124000    583.000000
   46.144400    656.000000
   46.164800    588.000000
   46.185200    675.000000
   46.205600    630.000000
   46.226000    573.000000
   46.246400    610.000000
   46.266800    615.000000
   46.287200    574.000000
   46.307600    594.000000
   46.328000    597.000000
   46.348400    589.000000
   46.368800    561.000000
   46.389200    567.000000
   46.409600    567.000000
   46.430000    597.000000
   46.450400    578.000000
   46.470800    574.000000
   46.491200    611.000000
   46.511600    613.000000
   46.532000    600.000000
   46.552400    624.000000
   46.572800    635.000000
   46.593200    629.000000
   46.613600    577.000000
   46.634000    595.000000
   46.654400    603.000000
   46.674800    590.000000
   46.695200    581.000000
   46.715600    562.000000
   46.736000    559.000000
   46.756400    575.000000
   46.776800    565.000000
   46.797200    582.000000
   46.817600    568.000000
   46.838000    571.000000
   46.858400    607.000000
   46.878800    529.000000
   46.899200    544.000000
   46.919600    544.000000
   46.940000    513.000000
   46.960400    543.000000
   46.980800    594.000000
   47.001200    529.000000
   47.021600    548.000000
   47.042000    554.000000
   47.062400    548.000000
   47.082800    549.000000
   47.103200    568.000000
   47.123600    579.000000
   47.144000    552.000000
   47.164400    512.000000
   47.184800    572.000000
   47.205200    530.000000
   47.225600    588.000000
   47.246000    552.000000
   47.266400    553.000000
   47.286800    500.000000
   47.307200    571.000000
   47.327600    542.000000
   47.348000    537.000000
   47.368400    564.000000
   47.388800    504.000000
   47.409200    553.000000
   47.429600    594.000000
   47.450000    508.000000
   47.470400    558.000000
   47.490800    525.000000
   47.511200    581.000000
   47.531600    507.000000
   47.552000    511.000000
   47.572400    533.000000
   47.592800    509.000000
   47.613200    541.000000
   47.633600    549.000000
   47.654000    537.000000
   47.674400    525.000000
   47.694800    570.000000
   47.715200    554.000000
   47.735600    557.000000
   47.756000    529.000000
   47.776400    558.000000
   47.796800    575.000000
   47.817100    587.000000
   47.837500    592.000000
   47.857900    608.000000
   47.878300    569.000000
   47.898700    587.000000
   47.919100    571.000000
   47.939500    551.000000
   47.959900    590.000000
   47.980300    558.000000
   48.000700    553.000000
   48.021100    564.000000
   48.041500    536.000000
   48.061900    536.000000
   48.082300    499.000000
   48.102700    519.000000
   48.123100    527.000000
   48.143500    526.000000
   48.163900    515.000000
   48.184300    519.000000
   48.204700    483.000000
   48.225100    491.000000
   48.245500    518.000000
   48.265900    475.000000
   48.286300    478.000000
   48.306700    519.000000
   48.327100    536.000000
   48.347500    485.000000
   48.367900    504.000000
   48.388300    530.000000
   48.408700    527.000000
   48.429100    526.000000
   48.449500    476.000000
   48.469900    520.000000
   48.490300    495.000000
   48.510700    501.000000
   48.531100    497.000000
   48.551500    462.000000
   48.571900    500.000000
   48.592300    484.000000
   48.612700    481.000000
   48.633100    503.000000
   48.653500    514.000000
   48.673900    537.000000
   48.694300    510.000000
   48.714700    476.000000
   48.735100    535.000000
   48.755500    495.000000
   48.775900    536.000000
   48.796300    600.000000
   48.816700    538.000000
   48.837100    555.000000
   48.857500    546.000000
   48.877900    566.000000
   48.898300    558.000000
   48.918700    605.000000
   48.939100    599.000000
   48.959500    619.000000
   48.979900    631.000000
   49.000300    599.000000
   49.020700    625.000000
   49.041100    624.000000
   49.061500    599.000000
   49.081900    621.000000
   49.102300    611.000000
   49.122700    601.000000
   49.143100    588.000000
   49.163500    585.000000
   49.183900    592.000000
   49.204300    574.000000
   49.224700    568.000000
   49.245100    528.000000
   49.265500    534.000000
   49.285900    536.000000
   49.306300    501.000000
   49.326700    543.000000
   49.347100    560.000000
   49.367500    506.000000
   49.387900    525.000000
   49.408300    472.000000
   49.428700    494.000000
   49.449100    511.000000
   49.469500    504.000000
   49.489900    464.000000
   49.510300    489.000000
   49.530700    462.000000
   49.551100    490.000000
   49.571500    474.000000
   49.591900    486.000000
   49.612300    473.000000
   49.632700    491.000000
   49.653100    494.000000
   49.673500    467.000000
   49.693900    505.000000
   49.714300    484.000000
   49.734700    500.000000
   49.755100    432.000000
   49.775500    432.000000
   49.795900    468.000000
   49.816300    476.000000
   49.836700    484.000000
   49.857100    461.000000
   49.877500    495.000000
   49.897900    463.000000
   49.918300    464.000000
   49.938700    472.000000
   49.959100    500.000000
   49.979500    458.000000
   49.999900    454.000000
